,Sub1,Sub2,Sub3,Sub4,Sub5
0,0.0,0.0,0.0,0.0,0.0
1,0.14338587100421438,0.11719701144733391,0.11719701144733391,0.14670823521423448,0.14428363178140224
2,0.3253372076776997,0.27075182553519983,0.27075182553519983,0.3553842285083428,0.35014573199463367
3,0.5242907195789661,0.4741007202142946,0.4741007202142946,0.5873646253915468,0.49238633176373225
4,0.7336792249182442,0.582659365671077,0.582659365671077,0.8015903989590013,0.6337768806205317
5,1.0,1.0,1.0,1.0,1.0

,Sub1,Sub2,Sub3,Sub4,Sub5
0,1.2496253600240008,0.5272447955449003,0.5272447955449003,0.6744129770526859,0.5426495755405462
1,2.6159238236030613,1.1519274906948742,1.1519274906948742,1.3858295017953592,1.225333498579516
2,4.349705750664986,1.9704042925608265,1.9704042925608265,2.3977396357406957,2.1993784712728455
3,6.245498381630481,3.0542931564077453,3.0542931564077453,3.522657316865269,2.8723957045297976
4,8.240724209200081,3.6329316932466127,3.6329316932466127,4.561479405612488,3.5413908870216955
5,10.77844750972453,5.857437839167812,5.857437839167812,5.523605823683341,5.2741906007434185

,Sub1,Sub2,Sub3,Sub4,Sub5
0,0.0,0.0,0.0,0.0,0.0
1,0.11158984222286565,0.1433703095554823,0.1433703095554823,0.12183440770988686,0.274825172066931
2,0.2793887164161158,0.2668961295053141,0.2668961295053141,0.12183440770988686,0.5813568856356505
3,0.46343412022378383,0.4386398698276724,0.4386398698276724,0.4938568278588032,0.7077968591278448
4,0.681030467546425,0.547210110239554,0.547210110239554,0.6433495117527351,0.7733817725575004
5,1.0,1.0,1.0,1.0,1.0

,Sub1,Sub2,Sub3,Sub4,Sub5
0,1.5088040139651144,0.6340535402065047,0.6340535402065047,0.7972664892904264,0.91854257765395
1,2.691362621107654,1.4112512246953084,1.4112512246953084,1.6674804862126351,2.502746334965349
2,4.469589016927361,2.0808736976972093,2.0808736976972093,1.6674804862126351,4.269719457254167
3,6.419985863471025,3.0118812244147883,3.0118812244147883,4.324686469873278,4.998570746872955
4,8.725934400392962,3.600430832169196,3.600430832169196,5.392452369566735,5.376628788269904
5,12.106171870985204,6.054964514720647,6.054964514720647,7.93986284839425,6.682948164655935

,Sub1,Sub2,Sub3,Sub4,Sub5
0,0.0,0.0,0.0,0.0,0.0
1,0.11912979622270106,0.12094757622755227,0.12094757622755227,0.12911165156555612,0.09847910993103612
2,0.266133981974144,0.2996321756464604,0.2996321756464604,0.30151111399773545,0.2755619000047755
3,0.3145745565973355,0.4849228025174435,0.4849228025174435,0.46269014203898007,0.463026125651741
4,0.42634203803303766,0.6322881946797979,0.6322881946797979,0.6003702315924648,0.6615939612503428
5,1.0,1.0,1.0,1.0,1.0

,Sub1,Sub2,Sub3,Sub4,Sub5
0,5.700088862784628,4.77750699776159,4.77750699776159,4.4444791510207216,5.2518749456940235
1,11.606864154916295,8.676766868512553,8.676766868512553,8.671187981049101,8.70842840739824
2,18.89572655348298,14.437425409734647,14.437425409734647,14.315003402186765,14.923920520053088
3,21.29754035987984,20.41105736102734,20.41105736102734,19.591497140564933,21.503794348720838
4,26.839272308904924,25.16200796226186,25.16200796226186,24.09870964368543,28.4733977499103
5,55.28277497004154,37.016762982642575,37.016762982642575,37.181329611664694,40.351232201510044
